absolute_position:
    coordinate_system: Raw
    r: 0.8552943093957843
    t: -7.805049975218026e-07
    x: 0.0065565
    y: -0.00739075
    z: 0.023155639146090534
eb_settings:
    beam_current: 5.0e-11
    beam_type: ELECTRON
    dwell_time: 5.0e-07
    hfw: 0.0004
    resolution: !!python/tuple [1536,1024]
    working_distance: 0.014370575043736882
ib_settings:
    beam_current: 2.0e-11
    beam_type: ION
    dwell_time: 2.0e-07
    hfw: 0.0004
    resolution: !!python/tuple [1536,1024]
    working_distance: 0.016544666950390034
timestamp: 1666335913.457053
