-   coordinate_system: RAW
    name: cryo_sputter_eb_grid_01
    r: 0.8552606779052585
    t: 1.1707574962827039e-06
    x: -0.0098815
    y: -0.007795666666666667
    z: 0.02315573559670782
