-   coordinate_system: RAW
    name: grid02-pre-tilt-35-deg-electron
    r: 0.8551927515811997
    t: 0.6108583337307305
    x: 0.0028004166666666668
    y: 0.004053833333333333
    z: 0.03175649434156379
-   coordinate_system: RAW
    name: grid02-pre-tilt-35-deg-ion
    r: -2.286298510029761
    t: 0.29669765745887133
    x: -0.00368525
    y: -0.0023315
    z: 0.03184661136831276
-   coordinate_system: RAW
    name: grid01-pre-tilt-35-deg-ion
    r: -2.286298510029761
    t: 0.29669765745887133
    x: 0.0024960833333333332
    y: -0.002562333333333333
    z: 0.03186551568930041
-   coordinate_system: RAW
    name: grid01-pre-tilt-35-deg-electron
    r: 0.8551927515811997
    t: 0.6108470164082682
    x: -0.003231
    y: 0.00415
    z: 0.03186721965020576
