-   coordinate_system: RAW
    name: '1'
    r: 1.5707963267948966
    t: 0.0
    x: 0.01
    y: 0.01
    z: 0.06014581
-   coordinate_system: RAW
    name: '3'
    r: 1.5707963267948966
    t: 0.0
    x: 0.005
    y: 0.005
    z: 0.06014581
